2
3
4
5
6
9
12
13
14
15
16
17
19
20
21
23
24
25
27
28
29
31
32
33
34
35
36
37
39
40
42
44
45
46
47
48
50
51
52
53
54
55
56
57
58
59
62
63
64
65
68
69
70
71
72
73
74
76
77
79
80
81
82
83
84
86
87
88
89
90
91
92
94
95
101
102
105
107
108
109
110
111
112
113
114
115
116
117
118
122
123
124
125
126
127
128
130
132
136
138
139
140
141
142
145
146
147
148
150
151
152
153
155
156
157
159
162
163
164
165
166
167
169
170
172
173
174
177
178
180
181
182
183
185
186
187
189
190
191
192
193
194
195
196
199
200
201
202
203
204
205
207
208
209
210
211
212
213
217
218
219
220
222
224
225
227
228
229
230
232
234
235
236
237
238
239
240
241
242
248
249
250
251
252
253
257
259
261
263
264
265
266
267
269
270
273
274
275
277
281
282
283
285
286
287
288
290
291
293
294
295
297
298
300
302
303
305
306
308
309
312
313
